1 0.41903208556149735 0.5564285714285714 0.19510695187165783 0.2821164021164021
1 0.5140106951871658 0.7576984126984128 0.03911229946524057 0.05030423280423277
1 0.33487700534759357 0.807037037037037 0.02737967914438505 0.036759259259259214
1 0.3941764705882353 0.8189021164021164 0.011684491978609577 0.026388888888888948
0 0.41411764705882353 0.8943121693121694 0.05462566844919791 0.0754100529100529
0 0.33497860962566844 0.8949338624338625 0.06554545454545452 0.08420634920634931
0 0.4734438502673797 0.8672883597883597 0.022866310160427804 0.04902116402116395
0 0.5488983957219251 0.9037301587301587 0.13719251336898405 0.16591269841269848
0 0.15080213903743314 0.9232804232804233 0.16363636363636364 0.15343915343915343
0 0.6156149732620321 0.8612962962962962 0.044326203208556084 0.08652116402116412
7 0.5336631016042781 0.7740740740740741 0.00995721925133684 0.034735449735449724
7 0.47855080213903745 0.7789021164021165 0.007112299465240618 0.021547619047619
7 0.49703743315508025 0.7762698412698413 0.008534759358288789 0.025952380952380807
7 0.4571871657754011 0.8213624338624339 0.010540106951871677 0.031970899470899566